50
Chef001 2 610 3 1 2 0
Chef002 3 620 6 3 3 0
Chef003 4 630 9 4 5 0
Chef004 5 640 12 6 6 0
Chef005 6 650 15 7 8 0
Chef006 7 660 18 9 9 0
Chef007 8 670 1 0 1 0
Chef008 9 680 4 2 2 0
Chef009 10 690 7 3 4 0
Chef010 11 700 10 5 5 0
Chef011 12 710 13 6 7 0
Chef012 13 720 16 8 8 0
Chef013 14 730 19 9 10 0
Chef014 15 740 2 1 1 0
Chef015 16 750 5 2 3 0
Chef016 17 760 8 4 4 0
Chef017 18 770 11 5 6 0
Chef018 19 780 14 7 7 0
Chef019 20 790 17 8 9 0
Chef020 1 800 0 0 0 0
Chef021 2 810 3 1 2 0
Chef022 3 820 6 3 3 0
Chef023 4 830 9 4 5 0
Chef024 5 840 12 6 6 0
Chef025 6 850 15 7 8 0
Chef026 7 860 18 9 9 0
Chef027 8 870 1 0 1 0
Chef028 9 880 4 2 2 0
Chef029 10 890 7 3 4 0
Chef030 11 900 10 5 5 0
Chef031 12 910 13 6 7 0
Chef032 13 920 16 8 8 0
Chef033 14 930 19 9 10 0
Chef034 15 940 2 1 1 0
Chef035 16 950 5 2 3 0
Chef036 17 960 8 4 4 0
Chef037 18 970 11 5 6 0
Chef038 19 980 14 7 7 0
Chef039 20 990 17 8 9 0
Chef040 1 1000 0 0 0 0
Chef041 2 1010 3 1 2 0
Chef042 3 1020 6 3 3 0
Chef043 4 1030 9 4 5 0
Chef044 5 1040 12 6 6 0
Chef045 6 1050 15 7 8 0
Chef046 7 1060 18 9 9 0
Chef047 8 1070 1 0 1 0
Chef048 9 1080 4 2 2 0
Chef049 10 1090 7 3 4 0
Chef050 11 1100 10 5 5 0
