100
Chef001 2 610 3 1 2 0
Chef002 3 620 6 3 3 0
Chef003 4 630 9 4 5 0
Chef004 5 640 12 6 6 0
Chef005 6 650 15 7 8 0
Chef006 7 660 18 9 9 0
Chef007 8 670 1 0 1 0
Chef008 9 680 4 2 2 0
Chef009 10 690 7 3 4 0
Chef010 11 700 10 5 5 0
Chef011 12 710 13 6 7 0
Chef012 13 720 16 8 8 0
Chef013 14 730 19 9 10 0
Chef014 15 740 2 1 1 0
Chef015 16 750 5 2 3 0
Chef016 17 760 8 4 4 0
Chef017 18 770 11 5 6 0
Chef018 19 780 14 7 7 0
Chef019 20 790 17 8 9 0
Chef020 1 800 0 0 0 0
Chef021 2 810 3 1 2 0
Chef022 3 820 6 3 3 0
Chef023 4 830 9 4 5 0
Chef024 5 840 12 6 6 0
Chef025 6 850 15 7 8 0
Chef026 7 860 18 9 9 0
Chef027 8 870 1 0 1 0
Chef028 9 880 4 2 2 0
Chef029 10 890 7 3 4 0
Chef030 11 900 10 5 5 0
Chef031 12 910 13 6 7 0
Chef032 13 920 16 8 8 0
Chef033 14 930 19 9 10 0
Chef034 15 940 2 1 1 0
Chef035 16 950 5 2 3 0
Chef036 17 960 8 4 4 0
Chef037 18 970 11 5 6 0
Chef038 19 980 14 7 7 0
Chef039 20 990 17 8 9 0
Chef040 1 1000 0 0 0 0
Chef041 2 1010 3 1 2 0
Chef042 3 1020 6 3 3 0
Chef043 4 1030 9 4 5 0
Chef044 5 1040 12 6 6 0
Chef045 6 1050 15 7 8 0
Chef046 7 1060 18 9 9 0
Chef047 8 1070 1 0 1 0
Chef048 9 1080 4 2 2 0
Chef049 10 1090 7 3 4 0
Chef050 11 1100 10 5 5 0
Chef051 12 1110 13 6 7 0
Chef052 13 1120 16 8 8 0
Chef053 14 1130 19 9 10 0
Chef054 15 1140 2 1 1 0
Chef055 16 1150 5 2 3 0
Chef056 17 1160 8 4 4 0
Chef057 18 1170 11 5 6 0
Chef058 19 1180 14 7 7 0
Chef059 20 1190 17 8 9 0
Chef060 1 1200 0 0 0 0
Chef061 2 1210 3 1 2 0
Chef062 3 1220 6 3 3 0
Chef063 4 1230 9 4 5 0
Chef064 5 1240 12 6 6 0
Chef065 6 1250 15 7 8 0
Chef066 7 1260 18 9 9 0
Chef067 8 1270 1 0 1 0
Chef068 9 1280 4 2 2 0
Chef069 10 1290 7 3 4 0
Chef070 11 1300 10 5 5 0
Chef071 12 1310 13 6 7 0
Chef072 13 1320 16 8 8 0
Chef073 14 1330 19 9 10 0
Chef074 15 1340 2 1 1 0
Chef075 16 1350 5 2 3 0
Chef076 17 1360 8 4 4 0
Chef077 18 1370 11 5 6 0
Chef078 19 1380 14 7 7 0
Chef079 20 1390 17 8 9 0
Chef080 1 1400 0 0 0 0
Chef081 2 1410 3 1 2 0
Chef082 3 1420 6 3 3 0
Chef083 4 1430 9 4 5 0
Chef084 5 1440 12 6 6 0
Chef085 6 1450 15 7 8 0
Chef086 7 1460 18 9 9 0
Chef087 8 1470 1 0 1 0
Chef088 9 1480 4 2 2 0
Chef089 10 1490 7 3 4 0
Chef090 11 1500 10 5 5 0
Chef091 12 1510 13 6 7 0
Chef092 13 1520 16 8 8 0
Chef093 14 1530 19 9 10 0
Chef094 15 1540 2 1 1 0
Chef095 16 1550 5 2 3 0
Chef096 17 1560 8 4 4 0
Chef097 18 1570 11 5 6 0
Chef098 19 1580 14 7 7 0
Chef099 20 1590 17 8 9 0
Chef100 1 1600 0 0 0 0
